       a b c      
0.0000000000000000
0.3141592653589793
0.6283185307179586
0.9424777960769379
1.256637061435917
1.570796326794897
1.884955592153876
2.199114857512855
2.513274122871834
2.827433388230814
3.141592653589793
3.455751918948773
3.769911184307752
4.084070449666731
4.39822971502571
4.71238898038469
5.026548245743669
5.340707511102648
5.654866776461628
5.969026041820607

a: too much sequence

b: too much peppered by too small values

c: maybe by /3 and then by even/odd
	better: /3, including 0, for to do; 1 and 2 for alt done; the rest for done

0	0	0	0	0	0	0	0	0	0	0	0	0	0	0	0	0
0	3	1	4	1	5	9	2	6	5	3	5	8	9	7	9	3
0	6	2	8	3	1	8	5	3	0	7	1	7	9	5	8	6
0	9	4	2	4	7	7	7	9	6	0	7	6	9	3	7	9
1	2	5	6	6	3	7	0	6	1	4	3	5	9	1	7	
1	5	7	0	7	9	6	3	2	6	7	9	4	8	9	7	
1	8	8	4	9	5	5	5	9	2	1	5	3	8	7	6	
2	1	9	9	1	1	4	8	5	7	5	1	2	8	5	5	
2	5	1	3	2	7	4	1	2	2	8	7	1	8	3	4	
2	8	2	7	4	3	3	3	8	8	2	3	0	8	1	4	
3	1	4	1	5	9	2	6	5	3	5	8	9	7	9	3	
3	4	5	5	7	5	1	9	1	8	9	4	8	7	7	3	
3	7	6	9	9	1	1	1	8	4	3	0	7	7	5	2	
4	0	8	4	0	7	0	4	4	9	6	6	6	7	3	1	
4	3	9	8	2	2	9	7	1	5	0	2	5	7	1	
4	7	1	2	3	8	8	9	8	0	3	8	4	6	9	
5	0	2	6	5	4	8	2	4	5	7	4	3	6	6	9	
5	3	4	0	7	0	7	5	1	1	1	0	2	6	4	8	
5	6	5	4	8	6	6	7	7	6	4	6	1	6	2	8	
5	9	6	9	0	2	6	0	4	1	8	2	0	6	0	7	

00000000000000
31415926535897
62831853071795
94247779607693
25663706143591
57079632679489
88495559215387
19911485751285
51327412287183
82743338823081
14159265358979
45575191894877
76991118430775
08407044966673
39822971502571
71238898038469
02654824574366
34070751110264
65486677646162
96902604182060

[00,00,00,00,00,00,00],
[31,41,59,26,53,58,97],
[62,83,18,53,07,17,95],
[94,24,77,79,60,76,93],
[25,66,37,06,14,35,91],
[57,07,96,32,67,94,89],
[88,49,55,59,21,53,87],
[19,91,14,85,75,12,85],
[51,32,74,12,28,71,83],
[82,74,33,38,82,30,81],
[14,15,92,65,35,89,79],
[45,57,51,91,89,48,77],
[76,99,11,18,43,07,75],
[08,40,70,44,96,66,73],
[39,82,29,71,50,25,71],
[71,23,88,98,03,84,69],
[02,65,48,24,57,43,66],
[34,07,07,51,11,02,64],
[65,48,66,77,64,61,62],
[96,90,26,04,18,20,60]

[00,00,00,00,00,00],
[14,15,92,65,35,89],
[28,31,85,30,71,79],
[42,47,77,96,07,69],
[56,63,70,61,43,59],
[70,79,63,26,79,48],
[84,95,55,92,15,38],
[99,11,48,57,51,28],
[13,27,41,22,87,18],
[27,43,33,88,23,08],
[41,59,26,53,58,97],
[55,75,19,18,94,87],
[69,91,11,84,30,77],
[84,07,04,49,66,67],
[98,22,97,15,02,57],
[12,38,89,80,38,46],
[26,54,82,45,74,36],
[40,70,75,11,10,26],
[54,86,67,76,46,16],
[69,02,60,41,82,06]

[0,0,0,0,0,0,0,0,0,0,0,0,0,0],
[3,1,4,1,5,9,2,6,5,3,5,8,9,7],
[6,2,8,3,1,8,5,3,0,7,1,7,9,5],
[9,4,2,4,7,7,7,9,6,0,7,6,9,3],
[2,5,6,6,3,7,0,6,1,4,3,5,9,1],
[5,7,0,7,9,6,3,2,6,7,9,4,8,9],
[8,8,4,9,5,5,5,9,2,1,5,3,8,7],
[1,9,9,1,1,4,8,5,7,5,1,2,8,5],
[5,1,3,2,7,4,1,2,2,8,7,1,8,3],
[8,2,7,4,3,3,3,8,8,2,3,0,8,1],
[1,4,1,5,9,2,6,5,3,5,8,9,7,9],
[4,5,5,7,5,1,9,1,8,9,4,8,7,7],
[7,6,9,9,1,1,1,8,4,3,0,7,7,5],
[0,8,4,0,7,0,4,4,9,6,6,6,7,3],
[3,9,8,2,2,9,7,1,5,0,2,5,7,1],
[7,1,2,3,8,8,9,8,0,3,8,4,6,9],
[0,2,6,5,4,8,2,4,5,7,4,3,6,6],
[3,4,0,7,0,7,5,1,1,1,0,2,6,4],
[6,5,4,8,6,6,7,7,6,4,6,1,6,2],
[9,6,9,0,2,6,0,4,1,8,2,0,6,0]